<?xml version="1.0" encoding="UTF-8"?>
<map version="1.0" orientation="orthogonal" width="9" height="9" tilewidth="16" tileheight="16">
 <properties>
  <property name="gold" value="7"/>
  <property name="name" value="Thin Ice"/>
  <property name="start" value="1,1"/>
 </properties>
 <tileset firstgid="1" name="tiles" tilewidth="16" tileheight="16">
  <image source="../../assets/sprites/tiles.png" width="256" height="256"/>
 </tileset>
 <layer name="Tile Layer 1" width="9" height="9">
  <data encoding="csv">
53,53,53,53,53,53,53,53,53,
53,51,52,52,52,51,52,51,53,
53,52,53,53,53,51,51,51,53,
53,52,53,53,53,51,51,51,53,
53,52,53,53,53,51,51,51,53,
53,51,51,51,51,51,52,52,53,
53,52,51,51,51,51,3,52,53,
53,51,51,52,51,51,52,51,53,
53,53,53,53,53,53,53,53,53
</data>
 </layer>
</map>
