<?xml version="1.0" encoding="UTF-8"?>
<map version="1.0" orientation="orthogonal" width="13" height="13" tilewidth="16" tileheight="16">
 <properties>
  <property name="gold" value="52"/>
  <property name="name" value="Blocking it Off"/>
  <property name="start" value="1,1"/>
 </properties>
 <tileset firstgid="1" name="tiles" tilewidth="16" tileheight="16">
  <image source="../../assets/sprites/tiles.png" width="256" height="256"/>
 </tileset>
 <layer name="Tile Layer 1" width="13" height="13">
  <data encoding="csv">
33,33,33,33,33,33,33,33,33,33,33,33,33,
33,35,13,35,13,35,33,35,13,3,13,35,33,
33,13,35,13,35,13,33,13,3,13,3,13,33,
33,35,13,3,13,35,33,35,13,3,13,35,33,
33,13,35,13,35,13,33,13,35,13,35,13,33,
33,35,13,35,13,35,33,35,13,3,13,35,33,
33,33,33,35,33,33,33,13,35,13,3,13,33,
33,35,13,35,13,35,33,35,13,35,13,35,33,
33,13,3,13,3,13,33,13,3,13,35,13,33,
33,35,13,3,13,35,35,35,13,3,13,35,33,
33,13,3,13,3,13,33,13,35,13,35,13,33,
33,35,13,35,13,35,33,35,13,35,13,35,33,
33,33,33,33,33,33,33,33,33,33,33,33,33
</data>
 </layer>
</map>
